34974:   ./memory-user 10000
         Address Perm   Offset Device   Inode     Size     Rss     Pss Pss_Dirty Referenced Anonymous KSM LazyFree ShmemPmdMapped FilePmdMapped Shared_Hugetlb Private_Hugetlb Swap SwapPss Locked THPeligible ProtectionKey Mapping
        00400000 r--p 00000000  00:21 1378081        4       4       4         0          4         0   0        0              0             0              0               0    0       0      0           0             0 memory-user
        00401000 r-xp 00001000  00:21 1378081        4       4       4         0          4         0   0        0              0             0              0               0    0       0      0           0             0 memory-user
        00402000 r--p 00002000  00:21 1378081        4       4       4         0          4         0   0        0              0             0              0               0    0       0      0           0             0 memory-user
        00403000 r--p 00002000  00:21 1378081        4       4       4         4          4         4   0        0              0             0              0               0    0       0      0           0             0 memory-user
        00404000 rw-p 00003000  00:21 1378081        4       4       4         4          4         4   0        0              0             0              0               0    0       0      0           0             0 memory-user
        0046a000 rw-p 00000000  00:00       0      132       4       4         4          4         4   0        0              0             0              0               0    0       0      0           0             0 [heap]
    7fb042800000 rw-p 00000000  00:00       0 10240004 9214604 9214604   9214604    9214604   9214604   0        0              0             0              0               0    0       0      0           0             0 
    7fb2b3871000 rw-p 00000000  00:00       0        8       4       4         4          4         4   0        0              0             0              0               0    0       0      0           0             0 
    7fb2b3873000 r--p 00000000  00:21 1910839      152     152       1         0        152         0   0        0              0             0              0               0    0       0      0           0             0 libc.so.6
    7fb2b3899000 r-xp 00026000  00:21 1910839     1408    1048       8         0       1048         0   0        0              0             0              0               0    0       0      0           0             0 libc.so.6
    7fb2b39f9000 r--p 00186000  00:21 1910839      312     156       1         0        156         0   0        0              0             0              0               0    0       0      0           0             0 libc.so.6
    7fb2b3a47000 r--p 001d3000  00:21 1910839       16      16      16        16         16        16   0        0              0             0              0               0    0       0      0           0             0 libc.so.6
    7fb2b3a4b000 rw-p 001d7000  00:21 1910839        8       8       8         8          8         8   0        0              0             0              0               0    0       0      0           0             0 libc.so.6
    7fb2b3a4d000 rw-p 00000000  00:00       0       40      24      24        24         24        24   0        0              0             0              0               0    0       0      0           0             0 
    7fb2b3a67000 r--p 00000000  00:21 1910740        4       4       0         0          4         0   0        0              0             0              0               0    0       0      0           0             0 ld-linux-x86-64.so.2
    7fb2b3a68000 r-xp 00001000  00:21 1910740      156     156       1         0        156         0   0        0              0             0              0               0    0       0      0           0             0 ld-linux-x86-64.so.2
    7fb2b3a8f000 r--p 00028000  00:21 1910740       40      40       0         0         40         0   0        0              0             0              0               0    0       0      0           0             0 ld-linux-x86-64.so.2
    7fb2b3a99000 r--p 00031000  00:21 1910740        8       8       8         8          8         8   0        0              0             0              0               0    0       0      0           0             0 ld-linux-x86-64.so.2
    7fb2b3a9b000 rw-p 00033000  00:21 1910740        8       8       8         8          8         8   0        0              0             0              0               0    0       0      0           0             0 ld-linux-x86-64.so.2
    7fff468b1000 rw-p 00000000  00:00       0      136      16      16        16         16        16   0        0              0             0              0               0    0       0      0           0             0 [stack]
    7fff46971000 r--p 00000000  00:00       0       16       0       0         0          0         0   0        0              0             0              0               0    0       0      0           0             0 [vvar]
    7fff46975000 r-xp 00000000  00:00       0        8       4       0         0          4         0   0        0              0             0              0               0    0       0      0           0             0 [vdso]
ffffffffff600000 --xp 00000000  00:00       0        4       0       0         0          0         0   0        0              0             0              0               0    0       0      0           0             0 [vsyscall]
                                              ======== ======= ======= ========= ========== ========= === ======== ============== ============= ============== =============== ==== ======= ====== =========== ============= 
                                              10242480 9156388 9154839   9154816    9156388   9154816   0        0              0             0              0               0    0       0      0           0             0 KB 
