28367:   ./memory-user 10
         Address Perm   Offset Device   Inode  Size   Rss   Pss Pss_Dirty Referenced Anonymous KSM LazyFree ShmemPmdMapped FilePmdMapped Shared_Hugetlb Private_Hugetlb Swap SwapPss Locked THPeligible ProtectionKey Mapping
        00400000 r--p 00000000  00:21 1376404     4     4     4         0          4         0   0        0              0             0              0               0    0       0      0           0             0 memory-user
        00401000 r-xp 00001000  00:21 1376404     4     4     4         0          4         0   0        0              0             0              0               0    0       0      0           0             0 memory-user
        00402000 r--p 00002000  00:21 1376404     4     4     4         0          4         0   0        0              0             0              0               0    0       0      0           0             0 memory-user
        00403000 r--p 00002000  00:21 1376404     4     4     4         4          4         4   0        0              0             0              0               0    0       0      0           0             0 memory-user
        00404000 rw-p 00003000  00:21 1376404     4     4     4         4          4         4   0        0              0             0              0               0    0       0      0           0             0 memory-user
        019f5000 rw-p 00000000  00:00       0   132     4     4         4          4         4   0        0              0             0              0               0    0       0      0           0             0 [heap]
    7fac6dc00000 rw-p 00000000  00:00       0 10244 10244 10244     10244      10244     10244   0        0              0             0              0               0    0       0      0           0             0 
    7fac6e6ab000 rw-p 00000000  00:00       0     8     4     4         4          4         4   0        0              0             0              0               0    0       0      0           0             0 
    7fac6e6ad000 r--p 00000000  00:21 1910839   152   152     1         0        152         0   0        0              0             0              0               0    0       0      0           0             0 libc.so.6
    7fac6e6d3000 r-xp 00026000  00:21 1910839  1408  1076     9         0       1076         0   0        0              0             0              0               0    0       0      0           0             0 libc.so.6
    7fac6e833000 r--p 00186000  00:21 1910839   312   180     1         0        180         0   0        0              0             0              0               0    0       0      0           0             0 libc.so.6
    7fac6e881000 r--p 001d3000  00:21 1910839    16    16    16        16         16        16   0        0              0             0              0               0    0       0      0           0             0 libc.so.6
    7fac6e885000 rw-p 001d7000  00:21 1910839     8     8     8         8          8         8   0        0              0             0              0               0    0       0      0           0             0 libc.so.6
    7fac6e887000 rw-p 00000000  00:00       0    40    24    24        24         24        24   0        0              0             0              0               0    0       0      0           0             0 
    7fac6e8a1000 r--p 00000000  00:21 1910740     4     4     0         0          4         0   0        0              0             0              0               0    0       0      0           0             0 ld-linux-x86-64.so.2
    7fac6e8a2000 r-xp 00001000  00:21 1910740   156   156     1         0        156         0   0        0              0             0              0               0    0       0      0           0             0 ld-linux-x86-64.so.2
    7fac6e8c9000 r--p 00028000  00:21 1910740    40    40     0         0         40         0   0        0              0             0              0               0    0       0      0           0             0 ld-linux-x86-64.so.2
    7fac6e8d3000 r--p 00031000  00:21 1910740     8     8     8         8          8         8   0        0              0             0              0               0    0       0      0           0             0 ld-linux-x86-64.so.2
    7fac6e8d5000 rw-p 00033000  00:21 1910740     8     8     8         8          8         8   0        0              0             0              0               0    0       0      0           0             0 ld-linux-x86-64.so.2
    7ffd3c1a6000 rw-p 00000000  00:00       0   136    16    16        16         16        16   0        0              0             0              0               0    0       0      0           0             0 [stack]
    7ffd3c1ce000 r--p 00000000  00:00       0    16     0     0         0          0         0   0        0              0             0              0               0    0       0      0           0             0 [vvar]
    7ffd3c1d2000 r-xp 00000000  00:00       0     8     4     0         0          4         0   0        0              0             0              0               0    0       0      0           0             0 [vdso]
ffffffffff600000 --xp 00000000  00:00       0     4     0     0         0          0         0   0        0              0             0              0               0    0       0      0           0             0 [vsyscall]
                                              ===== ===== ===== ========= ========== ========= === ======== ============== ============= ============== =============== ==== ======= ====== =========== ============= 
                                              12720 11964 10364     10340      11964     10340   0        0              0             0              0               0    0       0      0           0             0 KB 
