28425:   ./memory-user 100
         Address Perm   Offset Device   Inode   Size    Rss    Pss Pss_Dirty Referenced Anonymous KSM LazyFree ShmemPmdMapped FilePmdMapped Shared_Hugetlb Private_Hugetlb Swap SwapPss Locked THPeligible ProtectionKey Mapping
        00400000 r--p 00000000  00:21 1376404      4      4      4         0          4         0   0        0              0             0              0               0    0       0      0           0             0 memory-user
        00401000 r-xp 00001000  00:21 1376404      4      4      4         0          4         0   0        0              0             0              0               0    0       0      0           0             0 memory-user
        00402000 r--p 00002000  00:21 1376404      4      4      4         0          4         0   0        0              0             0              0               0    0       0      0           0             0 memory-user
        00403000 r--p 00002000  00:21 1376404      4      4      4         4          4         4   0        0              0             0              0               0    0       0      0           0             0 memory-user
        00404000 rw-p 00003000  00:21 1376404      4      4      4         4          4         4   0        0              0             0              0               0    0       0      0           0             0 memory-user
        01e09000 rw-p 00000000  00:00       0    132      4      4         4          4         4   0        0              0             0              0               0    0       0      0           0             0 [heap]
    7f1f33800000 rw-p 00000000  00:00       0 102404 102404 102404    102404     102404    102404   0        0              0             0              0               0    0       0      0           0             0 
    7f1f39d8f000 rw-p 00000000  00:00       0      8      4      4         4          4         4   0        0              0             0              0               0    0       0      0           0             0 
    7f1f39d91000 r--p 00000000  00:21 1910839    152    152      1         0        152         0   0        0              0             0              0               0    0       0      0           0             0 libc.so.6
    7f1f39db7000 r-xp 00026000  00:21 1910839   1408   1120      9         0       1120         0   0        0              0             0              0               0    0       0      0           0             0 libc.so.6
    7f1f39f17000 r--p 00186000  00:21 1910839    312    164      1         0        164         0   0        0              0             0              0               0    0       0      0           0             0 libc.so.6
    7f1f39f65000 r--p 001d3000  00:21 1910839     16     16     16        16         16        16   0        0              0             0              0               0    0       0      0           0             0 libc.so.6
    7f1f39f69000 rw-p 001d7000  00:21 1910839      8      8      8         8          8         8   0        0              0             0              0               0    0       0      0           0             0 libc.so.6
    7f1f39f6b000 rw-p 00000000  00:00       0     40     24     24        24         24        24   0        0              0             0              0               0    0       0      0           0             0 
    7f1f39f85000 r--p 00000000  00:21 1910740      4      4      0         0          4         0   0        0              0             0              0               0    0       0      0           0             0 ld-linux-x86-64.so.2
    7f1f39f86000 r-xp 00001000  00:21 1910740    156    156      1         0        156         0   0        0              0             0              0               0    0       0      0           0             0 ld-linux-x86-64.so.2
    7f1f39fad000 r--p 00028000  00:21 1910740     40     40      0         0         40         0   0        0              0             0              0               0    0       0      0           0             0 ld-linux-x86-64.so.2
    7f1f39fb7000 r--p 00031000  00:21 1910740      8      8      8         8          8         8   0        0              0             0              0               0    0       0      0           0             0 ld-linux-x86-64.so.2
    7f1f39fb9000 rw-p 00033000  00:21 1910740      8      8      8         8          8         8   0        0              0             0              0               0    0       0      0           0             0 ld-linux-x86-64.so.2
    7fff40788000 rw-p 00000000  00:00       0    136     20     20        20         20        20   0        0              0             0              0               0    0       0      0           0             0 [stack]
    7fff407e6000 r--p 00000000  00:00       0     16      0      0         0          0         0   0        0              0             0              0               0    0       0      0           0             0 [vvar]
    7fff407ea000 r-xp 00000000  00:00       0      8      4      0         0          4         0   0        0              0             0              0               0    0       0      0           0             0 [vdso]
ffffffffff600000 --xp 00000000  00:00       0      4      0      0         0          0         0   0        0              0             0              0               0    0       0      0           0             0 [vsyscall]
                                              ====== ====== ====== ========= ========== ========= === ======== ============== ============= ============== =============== ==== ======= ====== =========== ============= 
                                              104880 104156 102528    102504     104156    102504   0        0              0             0              0               0    0       0      0           0             0 KB 
