28479:   ./memory-user 1000
         Address Perm   Offset Device   Inode    Size     Rss     Pss Pss_Dirty Referenced Anonymous KSM LazyFree ShmemPmdMapped FilePmdMapped Shared_Hugetlb Private_Hugetlb Swap SwapPss Locked THPeligible ProtectionKey Mapping
        00400000 r--p 00000000  00:21 1376404       4       4       4         0          4         0   0        0              0             0              0               0    0       0      0           0             0 memory-user
        00401000 r-xp 00001000  00:21 1376404       4       4       4         0          4         0   0        0              0             0              0               0    0       0      0           0             0 memory-user
        00402000 r--p 00002000  00:21 1376404       4       4       4         0          4         0   0        0              0             0              0               0    0       0      0           0             0 memory-user
        00403000 r--p 00002000  00:21 1376404       4       4       4         4          4         4   0        0              0             0              0               0    0       0      0           0             0 memory-user
        00404000 rw-p 00003000  00:21 1376404       4       4       4         4          4         4   0        0              0             0              0               0    0       0      0           0             0 memory-user
        022c7000 rw-p 00000000  00:00       0     132       4       4         4          4         4   0        0              0             0              0               0    0       0      0           0             0 [heap]
    7fda14a00000 rw-p 00000000  00:00       0 1024004 1024004 1024004   1024004    1024004   1024004   0        0              0             0              0               0    0       0      0           0             0 
    7fda532b3000 rw-p 00000000  00:00       0       8       4       4         4          4         4   0        0              0             0              0               0    0       0      0           0             0 
    7fda532b5000 r--p 00000000  00:21 1910839     152     152       1         0        152         0   0        0              0             0              0               0    0       0      0           0             0 libc.so.6
    7fda532db000 r-xp 00026000  00:21 1910839    1408    1044       8         0       1044         0   0        0              0             0              0               0    0       0      0           0             0 libc.so.6
    7fda5343b000 r--p 00186000  00:21 1910839     312     148       1         0        148         0   0        0              0             0              0               0    0       0      0           0             0 libc.so.6
    7fda53489000 r--p 001d3000  00:21 1910839      16      16      16        16         16        16   0        0              0             0              0               0    0       0      0           0             0 libc.so.6
    7fda5348d000 rw-p 001d7000  00:21 1910839       8       8       8         8          8         8   0        0              0             0              0               0    0       0      0           0             0 libc.so.6
    7fda5348f000 rw-p 00000000  00:00       0      40      24      24        24         24        24   0        0              0             0              0               0    0       0      0           0             0 
    7fda534a9000 r--p 00000000  00:21 1910740       4       4       0         0          4         0   0        0              0             0              0               0    0       0      0           0             0 ld-linux-x86-64.so.2
    7fda534aa000 r-xp 00001000  00:21 1910740     156     152       1         0        152         0   0        0              0             0              0               0    0       0      0           0             0 ld-linux-x86-64.so.2
    7fda534d1000 r--p 00028000  00:21 1910740      40      40       0         0         40         0   0        0              0             0              0               0    0       0      0           0             0 ld-linux-x86-64.so.2
    7fda534db000 r--p 00031000  00:21 1910740       8       8       8         8          8         8   0        0              0             0              0               0    0       0      0           0             0 ld-linux-x86-64.so.2
    7fda534dd000 rw-p 00033000  00:21 1910740       8       8       8         8          8         8   0        0              0             0              0               0    0       0      0           0             0 ld-linux-x86-64.so.2
    7ffcbac2a000 rw-p 00000000  00:00       0     136      20      20        20         20        20   0        0              0             0              0               0    0       0      0           0             0 [stack]
    7ffcbacb4000 r--p 00000000  00:00       0      16       0       0         0          0         0   0        0              0             0              0               0    0       0      0           0             0 [vvar]
    7ffcbacb8000 r-xp 00000000  00:00       0       8       4       0         0          4         0   0        0              0             0              0               0    0       0      0           0             0 [vdso]
ffffffffff600000 --xp 00000000  00:00       0       4       0       0         0          0         0   0        0              0             0              0               0    0       0      0           0             0 [vsyscall]
                                              ======= ======= ======= ========= ========== ========= === ======== ============== ============= ============== =============== ==== ======= ====== =========== ============= 
                                              1026480 1025660 1024127   1024104    1025660   1024104   0        0              0             0              0               0    0       0      0           0             0 KB 
